+--------------------+--------------------+----------------------+-----------------------+--------------------------+--------------------------+-------------------------------------------------------------+----------------------+----------------------+----------------------+----------------------+----------------------+---------------------+------------------------+-----------------+
|   mean_fit_time    |    std_fit_time    |   mean_score_time    |     std_score_time    | param_hidden_layer_sizes | param_learning_rate_init |                            params                           |  split0_test_score   |  split1_test_score   |  split2_test_score   |  split3_test_score   |  split4_test_score   |   mean_test_score   |     std_test_score     | rank_test_score |
+--------------------+--------------------+----------------------+-----------------------+--------------------------+--------------------------+-------------------------------------------------------------+----------------------+----------------------+----------------------+----------------------+----------------------+---------------------+------------------------+-----------------+
| 106.19949202537536 | 22.59912075293255  |  0.0211850643157959  |  0.008388128739657453 |          (32,)           |          0.001           |  {'hidden_layer_sizes': (32,), 'learning_rate_init': 0.001} |  0.757967583318157   |  0.7627026042615188  |  0.7526862138044073  |  0.7446731014387179  |  0.7577854671280276  |  0.7551629939901657 |  0.006127986545854501  |        12       |
| 126.45380110740662 | 9.675898779816784  | 0.018681907653808595 |  0.007360909393293934 |          (32,)           |           0.01           |  {'hidden_layer_sizes': (32,), 'learning_rate_init': 0.01}  |  0.9992715352394828  |  0.9998178838098707  |  0.9998178838098707  |  0.9998178838098707  |  0.9994536514296121  |  0.9996357676197414 | 0.00023036078384035909 |        4        |
| 29.583879518508912 | 16.884747538439065 | 0.017538690567016603 |  0.005519079069020472 |          (32,)           |           0.1            |   {'hidden_layer_sizes': (32,), 'learning_rate_init': 0.1}  |  0.7982152613367328  |  0.7922054270624659  |  0.8231651793844473  |  0.8841741030777636  |         1.0          |  0.859551994172282  |  0.07739980074232335   |        8        |
| 4.592590951919556  | 0.6837860274124337 | 0.014635324478149414 | 0.0020156736584686975 |          (32,)           |            1             |    {'hidden_layer_sizes': (32,), 'learning_rate_init': 1}   | 0.046985977053360044 | 0.04461846658167911  | 0.04716809324348935  | 0.045164815152067016 | 0.04716809324348935  | 0.04622108905481698 | 0.0011011631001880164  |        13       |
| 168.7993110179901  | 10.398164394106047 | 0.022331857681274415 |  0.010824227249648787 |          (64,)           |          0.001           |  {'hidden_layer_sizes': (64,), 'learning_rate_init': 0.001} |  0.8213440174831542  |  0.8144236022582407  |  0.8036787470406119  |  0.8122382079766891  |  0.8118739755964305  |  0.8127117100710253 | 0.0056562837713506784  |        11       |
| 162.05191049575805 | 11.198434814478192 | 0.021962976455688475 |  0.004730225918273591 |          (64,)           |           0.01           |  {'hidden_layer_sizes': (64,), 'learning_rate_init': 0.01}  |  0.9998178838098707  |  0.9998178838098707  |         1.0          |         1.0          |         1.0          |  0.9999271535239483 | 8.921834794329974e-05  |        2        |
| 20.45463709831238  | 5.229888842779715  | 0.022537660598754884 |  0.010232916160927717 |          (64,)           |           0.1            |   {'hidden_layer_sizes': (64,), 'learning_rate_init': 0.1}  |  0.9278819887087962  |  0.9397195410672009  |  0.8708796211983245  |  0.8557639774175925  |  0.8825350573665999  |  0.8953560371517029 |  0.03273243546978127   |        7        |
| 6.013642883300781  | 0.9561185599210094 | 0.018183135986328126 |  0.006631444021838187 |          (64,)           |            1             |    {'hidden_layer_sizes': (64,), 'learning_rate_init': 1}   | 0.04643962848297214  | 0.045164815152067016 | 0.045164815152067016 | 0.046621744673101435 | 0.046621744673101435 |  0.0460025496266618 | 0.0006872322806087496  |        14       |
| 266.3156636238098  | 14.353423941373526 | 0.03066277503967285  |  0.007725066432133051 |          (128,)          |          0.001           | {'hidden_layer_sizes': (128,), 'learning_rate_init': 0.001} |  0.8282644327080677  |  0.8282644327080677  |  0.8417410307776362  |  0.8320888727007831  |  0.8268075031870333  |  0.8314332544163175 |  0.005443537917980548  |        10       |
| 281.7033576488495  | 15.781777865102407 | 0.034110498428344724 |  0.012072232612185914 |          (128,)          |           0.01           |  {'hidden_layer_sizes': (128,), 'learning_rate_init': 0.01} |  0.9998178838098707  |  0.9998178838098707  |         1.0          |         1.0          |         1.0          |  0.9999271535239483 | 8.921834794329974e-05  |        2        |
| 49.65838499069214  | 25.592595363615843 | 0.03687329292297363  |  0.012450489742330468 |          (128,)          |           0.1            |  {'hidden_layer_sizes': (128,), 'learning_rate_init': 0.1}  |  0.9499180477144418  |  0.9617556000728464  |         1.0          |         1.0          |  0.9639409943543981  |  0.9751229284283373 |  0.020865016217402724  |        6        |
| 11.843586015701295 | 3.0418341039870587 | 0.03155384063720703  |  0.005677697839349658 |          (128,)          |            1             |   {'hidden_layer_sizes': (128,), 'learning_rate_init': 1}   | 0.046985977053360044 | 0.04716809324348935  | 0.046621744673101435 |  0.0435257694409033  | 0.041886723729739575 | 0.04523766162811874 |  0.00213814024715923   |        15       |
| 705.3387949943542  | 39.040959146169236 | 0.041524219512939456 | 0.0063568543453532324 |          (256,)          |          0.001           | {'hidden_layer_sizes': (256,), 'learning_rate_init': 0.001} |  0.8450191221999636  |  0.8517574212347477  |  0.8411946822072482  |  0.8475687488617738  |  0.8470224002913859  |  0.8465124749590238 |  0.003446569948551027  |        9        |
| 663.5251219272614  | 55.63278277234195  | 0.051783275604248044 |  0.021084995882861647 |          (256,)          |           0.01           |  {'hidden_layer_sizes': (256,), 'learning_rate_init': 0.01} |         1.0          |         1.0          |         1.0          |         1.0          |         1.0          |         1.0         |          0.0           |        1        |
| 123.94346141815186 | 53.78036254463599  | 0.04331960678100586  |  0.007987002326598493 |          (256,)          |           0.1            |  {'hidden_layer_sizes': (256,), 'learning_rate_init': 0.1}  |         1.0          |         1.0          |         1.0          |  0.9890730285922419  |  0.978328173374613   |  0.9934802403933709 |  0.008677908121035159  |        5        |
| 22.732485675811766 | 2.2627003874505376 | 0.03975696563720703  | 0.0065854233427962905 |          (256,)          |            1             |   {'hidden_layer_sizes': (256,), 'learning_rate_init': 1}   | 0.043707885631032596 | 0.045164815152067016 | 0.04716809324348935  |  0.0435257694409033  | 0.046621744673101435 | 0.04523766162811874 | 0.0014777244782444576  |        15       |
+--------------------+--------------------+----------------------+-----------------------+--------------------------+--------------------------+-------------------------------------------------------------+----------------------+----------------------+----------------------+----------------------+----------------------+---------------------+------------------------+-----------------+